721358584
756484240
811193334
852113358
869647634
941644412
965293186
1031891070
1068488550
1087764520
1120607840
1189801935
1199485762
1214703667
1271736125
1301538750
1311988937
1314348013
1349801041
1381131795
1414261767
1424005491
1424886128
1476755706
1544154429
1556825006
1588241415
1602407222
1690426068
1798171506
1805323510
1811444933
1822354287
1823651807
1833785397
1937380930
1942441828
1985099842
2021642322
2032167935
2038578217
2106821459
2108663778
5000143943
5007854026
5015355209
5078274457
5095878335
5117884281
5142980681
5145522189
5169177374
5185170583
5204139005
5247135617
5252447258
5260964610
5280349165
5286077936
5289775094
5323595007
5351711252
5374143177
5380446601
5436293336
5460431850
5463298850
5480372259
5482006437
5483794867
5492147641
5507748289
5522493666
5536302120
5541715341
5549972285
5562894497
5574607863
5579470128
5588700723
5593103399
5610985456
5629470874
5634518119
5651087713
5653764778
5713738930
5794107934
5847863480
5885013209
5887060290
5894840047
5897704953
5908131853
5909617355
5914210554
5938805611
5990528066
5992168769
5997073760
6005421947
6012305738
6013275253
6019044059
6019166878
6024342482
6029487823
6034912380
6056707080
6063779023
6074845617
6077149299
6124752799
6140636520
6168048266
6172190134
6192643583
6230421779
6242507500
6264597414
6284106272
6315376246
6346171574
6354231920
6360272205
6361796912
6386726275
6404917465
6417269887
6420262559
6421423765
6424400016
6441657567
6450030859
6451503930
6452295413
6474631397
6477094446
6494358958
6505313622
6506159494
6560005750
6566326972
6608617056
6615465232
6616412503
6621951867
6623312221
6657970483
6660272349
6663082695
6669787453
6692289442
6695443558
6701941668
6712637438
6717007189
6727326978
6746362118
6778094689
6783649556
6787495990
6789710331
6790843910
6805418543
6809803868
6810890127
6822507748
6842334938
6852303875
6861478280
6870980735
6917471554
6931406864
7022379182
7037239385
7050727656
7050817860
7065472544
7070706370
7078022224
7121052953
7154088336
7165251357
7182275510
7197722828
7206323419
7218926038
7223760568
7245385068
7253977854
7275378504
7297322667
7301023097
7306678172
7308462661
7317401069
7334511453
7344617008
7357764636
7377267293
7388654742
7396185363
7410453859
7412605926
7422134793
7455892981
7467150958
7500790889
7501066062
7508152231
7518350153
7524309190
7526714410
7555854526
7572244129
7575135542
7593277051
7595204014
7607490335
7612121149
7622880869
7624775068
7647891935
7650328308
7651256190
7654456555
7655810159
7660908284
7679320700
7691711268
7700660186
7702045207
7704602936
7709406842
7731415031
7739093278
7751133745
7760596061
7761304573
7765095516
7789232901
7789381554
7793181587
7795450394
7797112454
7812121447
7812513707
7813695522
7820164817
7828833016
7833822225
7852908566
7867283945
7867534713
7883136887
7901799245
7906761643
7908933190
7916011311
7924001583
7924814928
7934773228
7958388648
7962981399
7972195381
7973217963
7975477870
7979468325
8000190932
8001222978
8017954345
8029509975
8037700281
8040608476
8046070629
8047928789
8050296407
8054924697
8057126059
8058838526
8063684818
8065895173
8068656821
8072339081
8074313051
8079791612
8080874728
8086284148
8098642156
8104301159
8109252850
8115748153
8116766827
8117550549
8127048411
8128156637
8132494574
8133213664
8138914092
8139098986
8148043312
8148119786
8161217566
8162801939
8164988943
8171411682
8174308009
8180061562
8188736243
8198910419
8207928842
8211172099
8213283755
8224062729
8231675258
8232077977
8237129724
8238783497
8245939301
8248893506
8251969973
8256808007
8257142983
8263416226
8274107576
8280367381
8282737500
8291524218
8293885860
8296081021
8301976390
8310029133
8320098139
8320558893
8322000028
8329349853
8335799794
8341456632
8347353667
8375795945
8382229147
8384654370
8385496935
8389932445
8402214646
8406710481
8410404600
8412700195
8414741347
8415392502
8420530220
8423188104
8423509492
8424137559
8430608743
8451090351
8451531782
8468200752
8472512220
8473550162
8476276178
8503577335
8505716817
8507335324
8522209164
8524660793
8538923979
8545169980
8547593010
8549736908
8562899131
8563466222
8567996866
8573838233
8574309404
8574626667
8575738821
8581542503
8582314857
8584387715
8586617597
8592725618
8593564078
8596710151
8609178901
8628552598
8738107654
8744556917
